1 0 0 0 0 0 0 0 0 0 
0 - 0
0 1 0 0 0 0 0 0 0 0 
1 - 0
0 0 1 0 0 0 0 0 0 0 
2 - 0
0 0 0 1 0 0 0 0 0 0 
3 - 0
0 0 0 0 1 0 0 0 0 0 
4 - 0
0 0 0 0 0 1 0 0 0 0 
5 - 0
0 0 0 0 0 0 1 0 0 0 
6 - 0
0 0 0 0 0 0 0 1 0 0 
7 - 0
0 0 0 0 0 0 0 0 1 0 
8 - 0
0 0 0 0 0 0 0 0 0 1 
9 - 0
0
0 0 0 0 1 0 0 0 0 0 
0 - 0
1 0 0 0 0 0 0 0 0 0 
1 - 0
0 0 0 0 0 0 0 0 1 0 
2 - 0
0 0 1 1 0 1 1 1 1 1 
3 - 0
0 1 1 1 0 0 0 0 0 0 
4 - 0
1 1 1 1 1 1 1 1 0 1 
5 - 0
1 1 1 1 1 1 0 1 1 1 
6 - 0
0 0 0 0 0 0 0 0 0 0 
7 - 0
1 0 0 0 1 0 0 0 0 0 
8 - 0
0 0 0 0 0 0 0 1 0 0 
9 - 0
1 1 1 1 1 1 1 1 0 1 
0 - 9
0 0 1 1 0 1 1 1 1 1 
1 - 7
1 0 0 0 1 0 0 0 0 0 
2 - 5
0 1 0 1 1 1 1 1 0 1 
3 - 5
0 0 0 1 1 1 0 1 0 1 
4 - 4
0 0 1 0 0 0 1 0 1 0 
5 - 4
1 0 1 0 0 0 1 0 1 0 
6 - 3
1 1 1 1 0 1 1 1 1 1 
7 - 2
0 0 1 1 1 1 1 1 0 1 
8 - 2
1 1 1 1 1 1 0 1 1 1 
9 - 1
1 1 1 1 1 1 1 1 0 1 
0 - 37
0 1 0 1 1 1 1 1 0 1 
1 - 22
0 0 1 1 1 1 1 1 0 1 
2 - 16
0 1 1 0 1 1 1 1 0 1 
3 - 9
1 1 0 0 1 1 1 1 0 1 
4 - 8
1 0 1 0 1 1 0 1 0 0 
5 - 7
1 0 1 0 0 1 0 1 1 0 
6 - 5
1 1 1 1 1 1 1 1 0 1 
7 - 1
0 1 0 1 1 1 1 1 0 1 
8 - 0
1 1 1 1 0 1 1 1 1 1 
9 - 0
1 1 1 1 1 1 1 1 0 1 
0 - 37
1 1 1 1 1 1 1 1 0 1 
1 - 28
1 1 0 0 1 1 1 1 0 1 
2 - 26
1 1 0 1 1 1 0 1 0 1 
3 - 22
0 1 1 1 1 1 1 1 0 1 
4 - 19
0 1 0 0 0 1 1 1 1 1 
5 - 19
1 1 0 1 0 1 1 1 1 1 
6 - 16
1 1 1 1 1 1 1 1 0 1 
7 - 12
1 1 1 1 1 1 1 1 0 1 
8 - 0
1 1 1 1 0 1 1 1 1 1 
9 - 0
1 1 1 1 1 1 1 1 0 1 
0 - 37
1 1 1 1 1 1 1 1 0 1 
1 - 37
1 1 1 1 1 1 1 1 0 1 
2 - 33
0 1 1 1 1 1 1 1 0 1 
3 - 28
1 1 0 1 1 1 1 0 0 1 
4 - 28
0 1 1 1 1 0 1 1 0 1 
5 - 28
0 1 1 1 1 0 1 1 0 1 
6 - 26
1 1 1 1 1 1 1 1 0 1 
7 - 23
1 1 1 1 1 1 1 1 0 1 
8 - 19
1 1 1 1 0 1 1 1 1 1 
9 - 0
37
1 1 1 1 1 1 1 1 0 1 
0 - 37
1 1 1 1 1 1 1 1 0 1 
1 - 37
1 1 1 1 1 1 1 1 0 1 
2 - 37
0 1 1 1 1 1 1 1 0 1 
3 - 37
0 1 1 1 1 1 1 1 0 1 
4 - 33
0 1 1 1 1 1 0 1 0 1 
5 - 31
0 1 1 1 1 1 0 1 0 1 
6 - 30
1 1 1 1 1 1 1 1 0 1 
7 - 30
1 1 1 1 1 1 1 1 0 1 
8 - 22
1 1 1 1 0 1 1 1 1 1 
9 - 0
1 1 1 1 1 1 1 1 0 1 
0 - 37
1 1 1 1 1 1 1 1 0 1 
1 - 37
1 1 1 1 1 1 1 1 0 1 
2 - 37
1 1 0 1 1 1 1 1 0 0 
3 - 37
0 1 1 1 1 1 1 1 0 1 
4 - 37
0 1 1 1 1 1 1 0 0 1 
5 - 34
0 1 1 1 1 1 1 0 0 1 
6 - 30
1 1 1 1 1 1 1 1 0 1 
7 - 26
1 1 1 1 1 1 1 1 0 1 
8 - 26
1 1 1 1 0 1 1 1 1 1 
9 - 0
1 1 1 1 1 1 1 1 0 1 
0 - 37
1 1 1 1 1 1 1 1 0 1 
1 - 37
1 1 1 1 1 1 1 1 0 1 
2 - 37
1 1 0 1 1 1 1 1 0 1 
3 - 37
0 1 1 1 1 1 1 1 0 1 
4 - 37
0 1 1 1 1 1 1 1 1 1 
5 - 30
0 1 1 1 1 1 1 1 1 1 
6 - 30
1 1 1 1 1 1 1 1 0 1 
7 - 25
1 1 1 1 1 1 1 1 0 1 
8 - 25
1 1 1 1 0 1 1 1 1 1 
9 - 0
1 1 1 1 1 1 1 1 0 1 
0 - 37
1 1 1 1 1 1 1 1 0 1 
1 - 37
1 1 1 1 1 1 1 1 0 1 
2 - 37
1 1 0 0 0 0 0 0 1 0 
3 - 37
0 0 0 0 1 1 1 1 0 1 
4 - 37
0 0 0 0 0 0 0 0 1 0 
5 - 32
0 0 0 0 0 0 0 0 1 0 
6 - 30
1 1 1 1 1 1 1 1 0 1 
7 - 29
1 1 1 1 1 1 1 1 0 1 
8 - 29
1 1 1 1 0 1 1 1 1 1 
9 - 0
37
1 1 1 1 1 1 1 1 0 1 
0 - 37
1 1 1 1 1 1 1 1 0 1 
1 - 37
1 1 1 1 1 1 1 1 0 1 
2 - 37
1 1 1 1 1 1 1 1 0 1 
3 - 37
1 1 1 1 1 1 1 1 0 1 
4 - 37
0 1 0 1 1 1 1 1 0 1 
5 - 28
1 1 0 1 0 1 0 1 1 1 
6 - 26
0 1 0 1 0 1 0 1 1 1 
7 - 19
0 1 0 1 0 1 0 1 1 1 
8 - 19
1 1 1 1 0 1 1 1 1 1 
9 - 0
